Size of output is 18 2 
1 1896981144
2 1865312010
3 2035378994
4 1291499601
5 1912022589
6 1852952322
7 1876253246
8 2087772368
9 1889893476
10 1734341097
11 1543788687
12 2103964798
13 2009510864
14 2084042286
15 2126430342
16 1341152832
17 1676770200
18 2040928384
19 2140923754
20 1372197267
21 1817927170
22 1798297530
23 1609536424
24 1767041518
25 1784031542
26 2117283695
27 2043532582
28 1646752079
29 1213087143
30 2103294112
31 1692069540
32 2004032875
33 2054534436
34 1884917642
35 2146045905
36 2125146078
