0
0
4
8
8
8
8
1
1
0
4
0
1
2
3
82
70
40
15
225
73
222
136
129
129
153
94
27
185
47
46
115
144
97
97
149
249
165
145
90
127
80
87
27
138
47
109
208
87
124
177
160
91
57
33
220
210
127
247
139
175
37
254
63
134
96
212
127
5
101
217
132
182
49
159
64
96
13
16
183
137
193
87
228
250
120
192
204
248
183
87
167
221
85
230
99
181
186
227
186
32
188
62
214
237
222
22
77
235
38
4
116
231
91
89
225
212
25
173
204
209
4
115
174
89
89
17
15
19
244
201
51
177
8
9
158
230
31
236
209
69
240
69
44
76
158
13
32
184
186
236
137
190
95
55
24
184
72
39
203
61
240
255
238
248
8
140
222
40
120
175
109
105
245
154
181
147
167
213
75
98
193
212
32
32
11
56
216
84
95
163
145
80
162
127
72
171
11
39
211
132
214
64
237
203
218
162
95
130
119
170
228
56
127
4
88
138
61
48
222
156
211
111
236
118
238
53
33
250
92
244
126
50
52
107
254
15
13
93
145
132
7
117
188
134
121
20
17
182
68
239
83
23
95
63
141
77
116
174
71
208
162
197
3
215
48
1
230
61
94
119
193
101
236
125
236
101
145
253
28
213
236
111
237
75
174
122
153
35
41
224
243
203
166
246
162
214
247
136
20
85
255
213
187
235
83
167
81
228
164
109
186
144
220
167
220
138
33
117
173
74
85
161
22
251
151
184
210
143
65
230
228
64
187
159
44
14
70
125
243
234
234
173
123
198
84
87
80
117
204
254
192
33
159
214
29
54
142
239
197
207
213
170
16
144
73
60
159
144
185
146
122
163
63
245
105
147
76
185
8
24
183
200
58
86
158
87
141
45
70
82
252
27
252
12
171
70
72
74
214
1
220
80
164
27
70
13
174
146
199
183
171
126
127
229
213
30
60
98
75
130
180
71
157
177
84
72
247
156
147
205
158
111
29
66
139
99
80
57
246
23
240
161
149
112
134
106
142
194
204
217
68
129
32
225
50
116
41
41
17
188
246
175
44
19
241
183
119
65
240
109
88
225
14
238
81
148
88
223
86
37
184
154
166
216
123
216
77
164
1
94
97
247
13
141
10
254
68
129
64
52
238
152
21
252
134
102
144
223
69
230
4
253
128
170
214
251
130
35
160
131
129
1
122
142
142
132
140
210
6
204
6
244
101
28
241
235
130
129
202
200
104
206
197
232
120
155
228
250
190
132
125
63
133
247
205
19
124
90
229
130
38
235
118
139
7
103
119
138
233
65
82
81
16
23
57
136
179
29
131
113
161
0
177
38
248
126
57
116
216
30
246
255
10
108
138
17
212
1
155
189
67
237
14
83
5
71
219
184
101
94
41
6
95
218
45
87
89
102
203
49
133
193
48
143
45
187
160
1
188
60
190
255
41
204
82
46
20
46
230
121
140
16
127
235
234
172
66
67
19
13
117
152
206
165
39
252
96
199
253
29
3
188
28
45
136
111
91
156
157
66
21
41
82
149
21
60
65
87
128
84
101
245
236
51
154
19
47
251
219
45
24
222
233
52
11
113
163
103
14
64
169
35
106
251
184
127
55
250
214
183
78
59
172
59
111
71
78
158
66
41
203
90
8
180
142
19
38
50
122
52
114
35
87
220
30
16
91
86
10
50
13
88
109
186
147
220
1
226
123
67
11
70
157
19
251
43
39
33
93
161
85
208
197
172
172
227
188
8
57
198
58
71
31
167
1
178
132
2
148
255
69
160
69
226
179
64
13
218
97
107
124
182
59
65
99
231
36
31
239
94
230
41
165
5
209
166
183
85
168
76
84
237
236
153
207
159
218
220
122
59
71
246
242
130
55
85
106
91
116
89
185
90
131
94
95
84
4
23
169
172
99
253
153
79
150
104
238
112
69
104
172
140
94
158
15
149
243
121
241
103
210
170
194
85
9
33
169
13
56
82
186
155
79
83
234
230
188
217
86
1
65
2
141
160
160
156
53
147
21
38
251
232
209
189
61
218
222
231
231
23
57
161
178
137
245
157
111
177
118
197
178
183
200
63
87
104
220
141
252
241
179
247
217
132
180
23
94
146
254
70
169
55
231
92
192
220
249
47
141
111
245
63
38
189
127
126
37
91
11
33
76
190
24
38
67
204
61
161
95
59
231
8
114
207
100
51
171
93
98
57
204
87
120
243
20
247
113
58
82
124
91
159
58
116
197
125
64
2
31
159
61
6
168
175
213
12
226
129
106
69
186
54
156
50
41
177
42
154
235
124
22
70
27
81
186
224
206
251
226
237
154
31
244
66
207
201
79
177
74
185
246
4
239
147
55
25
68
97
179
47
221
202
117
249
27
48
217
233
43
188
215
197
219
203
8
170
148
87
92
223
16
82
227
255
229
26
24
41
123
204
88
89
150
206
82
177
254
43
154
41
231
113
238
195
60
246
109
209
77
201
176
93
28
147
93
1
174
117
43
41
65
131
130
215
81
212
136
79
0
35
120
231
148
103
170
209
93
24
162
171
225
82
8
253
229
101
255
147
219
42
189
28
173
63
244
255
20
124
78
20
159
199
251
52
46
166
5
139
190
167
54
159
249
63
157
222
164
156
114
127
198
47
156
115
110
144
114
130
12
193
150
172
136
146
224
182
56
229
65
246
140
120
149
133
183
50
99
91
206
213
219
148
4
119
8
115
7
122
245
19
59
140
191
195
30
159
121
86
132
187
76
16
51
225
149
234
20
249
69
226
206
32
119
211
151
127
70
158
249
59
178
53
199
113
248
229
17
114
59
149
45
135
166
96
105
59
74
125
52
143
95
3
176
214
214
71
85
28
230
79
87
152
132
31
9
124
4
26
238
64
176
27
199
86
123
48
145
197
173
198
85
13
201
5
227
159
76
57
187
50
136
18
202
12
49
212
136
54
238
119
118
158
146
61
244
14
110
134
211
27
76
40
40
21
45
12
180
122
69
111
172
205
129
119
217
179
75
97
233
57
216
95
216
107
156
204
121
10
82
76
38
158
117
78
179
162
90
103
28
159
214
201
108
88
64
69
11
139
167
244
196
127
83
156
234
239
105
99
250
187
176
32
90
37
110
13
199
201
117
228
104
75
173
213
163
237
26
174
120
193
162
60
65
245
217
43
229
66
143
223
253
63
255
87
100
109
101
43
54
218
15
159
37
188
116
201
169
142
119
33
80
26
94
145
15
55
188
244
121
75
211
118
138
210
206
238
64
51
26
118
13
41
21
50
230
137
251
143
24
115
177
104
141
15
249
156
70
181
145
191
1
100
53
139
55
3
122
119
54
148
237
67
189
3
118
163
140
113
51
164
228
228
12
113
243
5
14
57
187
159
248
188
3
45
71
58
49
193
177
103
85
159
171
19
162
33
182
46
146
233
211
119
205
223
232
192
229
246
249
160
149
241
92
153
31
163
211
80
101
133
183
186
36
98
205
198
131
132
244
22
109
199
141
59
167
117
251
140
108
245
44
1
230
136
154
5
43
110
85
144
243
13
75
23
111
24
221
243
156
209
9
10
153
150
69
64
11
64
204
119
53
248
121
28
128
19
33
171
129
119
60
116
132
135
139
243
159
104
230
60
58
239
70
211
133
139
19
145
203
223
8
1
215
129
29
87
149
62
2
22
181
62
139
57
197
22
45
101
127
19
161
185
3
231
140
136
114
159
25
61
126
34
62
85
163
91
172
56
154
174
79
79
237
218
137
178
240
182
23
111
201
184
40
204
159
180
85
17
83
110
79
209
144
141
38
52
233
210
108
131
129
187
210
110
149
91
32
134
17
56
245
219
240
30
167
144
210
252
161
38
107
240
247
251
126
30
47
103
240
156
234
113
87
188
223
237
24
0
115
41
56
104
4
40
134
172
184
89
168
90
127
19
74
118
15
200
148
62
47
133
218
25
246
50
214
214
31
238
214
146
23
14
250
28
54
129
200
239
218
112
73
89
132
147
207
147
92
100
209
139
233
172
165
223
222
123
181
253
105
139
143
128
153
137
156
208
10
100
191
228
213
8
61
89
155
13
236
247
113
189
131
90
105
40
57
71
163
239
68
12
122
211
140
20
93
41
228
103
141
163
76
98
171
137
187
70
150
167
62
7
101
193
97
206
233
155
22
140
138
90
152
4
46
36
24
139
77
252
242
219
159
62
61
74
200
249
145
94
160
207
102
5
144
199
212
121
98
234
5
236
68
157
241
114
193
9
253
15
6
240
234
165
46
39
240
246
32
129
85
193
80
187
198
224
130
154
89
229
132
94
209
201
251
194
59
188
204
57
203
210
41
181
119
87
221
103
78
253
232
163
190
56
94
133
24
224
31
113
197
164
207
151
109
202
89
168
135
37
225
82
247
10
8
111
98
229
214
176
226
191
83
161
247
177
38
16
145
69
129
87
233
81
238
86
27
71
255
162
109
224
245
100
235
253
211
77
226
170
253
196
105
80
101
96
1
139
112
146
209
242
233
186
67
215
17
94
31
16
1
140
240
246
240
219
243
196
40
213
110
37
153
215
117
255
55
118
138
168
9
91
154
242
22
221
202
39
59
233
55
60
117
39
50
101
3
37
41
43
250
151
81
148
110
198
147
166
61
29
78
70
121
232
56
143
197
2
182
0
235
237
61
96
20
111
198
23
149
239
67
143
135
148
35
245
90
182
155
151
212
233
221
77
209
22
220
150
24
146
151
4
127
212
100
147
67
42
171
216
26
238
104
161
130
139
150
220
66
50
116
22
27
81
99
237
103
63
131
128
209
26
132
80
238
232
227
50
19
142
10
45
124
114
206
254
254
100
219
64
150
79
86
178
160
185
159
8
248
34
136
201
61
12
25
43
244
252
93
7
139
104
52
7
218
2
6
216
103
225
24
253
48
110
175
208
39
78
216
31
113
96
232
174
108
1
217
97
254
55
104
137
159
157
144
121
159
150
82
6
119
106
4
167
217
179
120
0
2
80
32
115
177
8
33
29
10
250
126
8
49
231
145
208
132
33
74
35
184
156
42
47
6
46
215
223
225
79
224
227
159
0
86
80
8
119
110
18
114
236
26
163
211
171
116
87
205
190
123
133
90
165
180
96
211
139
64
180
218
32
152
122
32
238
202
40
102
56
59
216
37
85
123
248
1
239
80
206
173
203
83
7
112
7
104
67
147
168
247
109
200
143
231
232
126
178
16
228
234
75
188
15
161
55
8
162
39
88
112
212
35
195
220
147
202
68
214
93
236
205
203
180
93
178
156
219
100
172
191
79
248
123
94
153
178
102
59
217
190
171
174
225
110
138
116
56
206
74
150
186
24
97
110
117
19
10
80
120
182
15
199
174
138
37
71
60
140
130
22
74
45
196
44
155
78
160
212
28
235
106
214
3
203
68
120
222
78
200
86
4
215
29
179
97
67
250
157
207
125
179
25
170
119
69
70
197
230
26
225
209
132
183
212
79
251
76
45
73
20
132
78
235
161
1
76
228
251
233
179
120
157
205
35
20
18
105
218
248
131
187
201
7
115
157
86
110
233
131
184
253
7
6
232
169
7
52
141
2
30
65
123
187
14
158
207
32
7
169
25
138
101
226
145
216
128
231
70
105
106
254
103
114
4
79
27
11
132
168
14
162
233
137
93
247
39
44
24
46
214
49
184
59
19
73
19
147
48
89
253
154
88
100
12
92
179
39
104
55
208
118
217
185
255
54
177
38
99
201
84
57
250
12
116
13
85
135
161
133
224
158
31
56
2
44
149
181
83
253
237
35
115
198
221
114
253
142
152
96
87
236
153
81
248
13
94
77
148
255
210
116
157
241
173
159
29
66
85
113
63
66
148
178
8
113
36
5
255
188
101
86
168
254
167
160
11
6
237
159
5
191
20
163
176
193
66
206
3
151
63
66
217
211
244
226
69
24
231
68
212
77
155
124
75
66
28
87
72
9
246
78
200
10
241
120
203
51
70
206
203
133
16
164
89
4
134
158
28
110
226
240
187
125
108
6
192
136
93
8
145
84
86
89
94
71
210
42
123
24
248
70
158
9
234
247
13
113
149
42
223
119
26
154
245
135
160
181
15
254
189
161
82
20
250
176
91
204
218
214
229
211
28
131
220
7
122
233
120
15
19
87
134
46
241
123
181
145
48
196
143
238
101
225
2
96
146
93
44
108
52
17
63
80
148
27
87
14
5
207
29
24
38
164
70
23
31
251
169
80
192
56
62
37
26
64
133
172
157
178
24
209
195
88
34
88
115
121
102
120
73
132
145
111
40
215
135
71
211
48
151
147
104
213
184
130
21
62
46
179
240
71
132
179
159
166
11
18
32
114
139
105
246
28
216
30
243
95
101
198
143
253
89
248
210
18
122
232
80
169
155
64
240
31
243
143
198
255
161
230
113
44
79
103
72
39
133
60
135
234
2
22
231
92
14
186
110
137
162
190
50
61
254
34
92
241
177
34
240
82
8
97
127
87
200
199
127
77
3
6
56
6
28
31
98
43
217
208
180
123
142
230
184
140
8
21
125
185
55
110
11
64
207
138
151
152
82
22
229
85
28
29
91
57
61
189
100
22
141
24
146
27
254
74
167
6
95
37
191
151
147
202
215
98
85
110
250
167
133
224
252
161
253
88
218
58
21
62
81
163
86
227
190
84
45
102
90
141
139
25
36
30
228
251
128
57
105
123
224
238
91
220
144
88
52
106
147
74
169
228
237
255
199
171
84
244
17
174
129
156
200
165
186
172
160
59
229
10
182
197
248
17
161
136
105
214
243
252
32
156
224
13
155
167
184
239
156
202
158
29
102
102
195
33
18
99
92
247
109
18
188
102
35
93
238
140
51
225
137
83
125
105
96
25
17
25
8
173
227
166
202
73
12
141
106
30
241
198
21
94
216
209
196
251
47
179
136
98
148
17
182
18
122
22
43
139
47
51
56
18
218
3
92
230
144
198
5
129
141
26
224
101
236
164
97
27
87
233
125
236
250
51
254
116
74
41
0
121
92
56
140
54
59
232
29
204
174
34
77
59
60
45
161
40
210
2
67
41
235
193
21
229
244
19
89
62
60
89
184
153
146
68
207
205
44
236
153
218
14
231
22
75
20
183
115
230
185
183
16
164
120
37
137
108
57
226
171
117
60
99
14
206
167
222
155
211
202
53
173
217
28
195
36
48
122
151
23
51
78
39
215
198
76
96
51
133
67
222
251
127
65
9
77
232
231
232
187
178
29
104
139
57
44
175
106
166
70
129
218
149
168
177
91
244
18
142
122
85
108
117
212
173
126
33
149
102
9
80
24
39
185
163
96
229
82
202
139
152
75
101
45
243
23
137
232
41
23
98
126
132
215
82
49
85
115
199
187
124
23
211
163
208
118
4
181
200
206
65
97
26
166
142
13
189
23
245
230
47
87
100
179
46
182
228
132
41
171
63
166
195
19
73
147
137
77
73
82
28
138
179
54
48
65
67
238
89
57
212
136
144
57
59
191
239
31
67
25
203
130
191
142
149
8
33
31
86
106
113
114
244
36
168
37
101
235
19
190
36
231
70
181
32
129
116
16
161
183
41
108
57
232
250
207
240
27
238
70
134
95
184
122
131
96
159
232
76
178
167
112
154
237
37
186
111
153
202
16
80
243
124
138
219
118
89
204
145
71
18
23
166
203
146
41
43
49
17
119
228
184
232
126
166
13
56
21
167
3
37
247
246
161
129
210
23
218
158
168
33
176
192
199
123
82
240
167
131
2
30
103
186
6
229
96
20
30
117
187
33
154
178
23
59
52
233
82
14
135
251
48
56
187
247
179
13
232
90
144
234
121
248
164
127
221
5
147
251
122
78
28
21
1
52
80
53
29
163
67
165
158
115
221
89
107
144
102
83
235
246
61
100
238
225
227
204
230
119
199
97
197
228
118
198
24
198
251
53
105
63
218
7
178
183
96
29
72
198
112
51
189
173
151
171
143
122
119
117
241
63
214
183
35
76
125
59
19
121
112
124
184
75
132
106
2
228
136
74
171
248
125
104
166
20
19
53
143
139
170
128
202
129
55
237
205
181
40
224
46
152
93
230
227
225
80
230
197
216
48
112
209
174
216
119
194
236
172
81
119
86
210
65
215
9
46
165
190
86
133
236
238
226
210
210
195
35
184
137
251
232
249
204
150
210
67
89
190
239
170
53
70
124
118
29
134
164
194
68
250
72
49
232
42
3
186
238
38
114
119
34
91
112
238
241
66
50
74
0
33
245
53
103
113
171
133
247
79
71
60
73
143
109
50
186
112
236
168
151
95
31
185
186
143
167
171
210
217
246
210
251
235
8
98
92
179
231
84
3
47
144
76
190
253
126
120
109
107
32
4
202
63
189
132
207
101
47
161
62
37
115
57
16
123
156
109
47
131
193
50
178
81
126
113
78
253
233
187
104
10
192
50
73
125
182
24
226
229
185
33
11
45
90
27
168
246
136
215
122
73
9
44
154
136
157
232
133
135
164
237
145
100
31
218
225
213
243
196
186
172
229
197
217
63
225
130
54
105
89
176
179
99
220
77
235
122
54
112
1
218
93
146
62
124
108
31
81
95
227
11
12
200
209
229
8
178
103
62
27
193
238
206
36
202
28
15
68
82
127
69
44
220
215
106
88
68
137
169
163
109
180
175
53
133
149
61
55
252
123
83
189
105
33
225
52
61
240
120
143
111
190
187
75
149
37
163
217
175
76
125
28
1
44
81
134
193
143
190
190
10
17
123
116
50
93
168
112
77
32
255
189
222
187
8
116
224
172
77
143
248
202
171
249
247
253
128
184
140
62
118
150
79
242
10
129
79
178
241
156
211
241
89
177
172
98
37
140
14
115
28
6
61
199
0
52
196
128
237
80
190
99
231
13
85
241
142
164
164
128
65
119
113
154
40
29
252
78
169
10
193
197
17
254
141
17
51
81
145
32
162
79
131
137
92
217
122
234
125
30
106
190
149
219
89
190
248
85
12
162
96
205
103
113
203
244
130
254
70
19
30
232
98
162
113
190
123
235
168
248
10
19
183
159
238
16
93
231
101
105
137
197
54
240
54
2
229
184
0
43
203
31
19
45
193
132
235
60
111
148
52
121
167
235
25
149
251
118
124
97
224
5
38
22
246
93
24
219
21
25
6
225
56
25
14
249
157
250
53
12
142
105
134
53
85
159
202
80
21
71
177
245
76
216
12
66
53
36
29
74
61
35
43
117
60
58
110
217
52
163
230
194
13
108
247
98
11
193
178
32
8
100
22
85
60
34
151
113
