10.0
1.0
1.0
64.0
443.4729309082031
625.4344482421875
370.9781799316406
486.83709716796875
126.25668334960938
475.68304443359375
112.32069396972656
83.84410095214844
201.0065155029297
358.2187805175781
450.6913757324219
470.8328552246094
6454.2529296875
287.6473693847656
610.0663452148438
245.0164794921875
434.2970275878906
1108.7591552734375
226.06448364257812
3950.47021484375
392.5914306640625
609.452880859375
451.19561767578125
285.7908020019531
380.57366943359375
431.4226379394531
210.4402618408203
56.215538024902344
831.4052734375
134.81039428710938
164.8363037109375
527.1255493164062
270.4191589355469
207.75375366210938
66.67420959472656
207.4759063720703
471.6429443359375
477.7362060546875
586.1856079101562
632.7941284179688
628.0377807617188
509.4910888671875
558.0889892578125
572.052490234375
180.44259643554688
420.89117431640625
417.07830810546875
468.324462890625
453.016845703125
396.6684265136719
668.1326293945312
494.6566467285156
242.58724975585938
254.26812744140625
2663.5546875
303.8591613769531
141.00938415527344
54.90202331542969
292.6305236816406
184.25526428222656
317.13763427734375
3074.974365234375
477.7536926269531
62.567405700683594
