10.0
1.0
1.0
256.0
0.9176928400993347
-0.3779853284358978
5.859653949737549
0.8456980586051941
-2.1081581115722656
-3.398664712905884
-5.705615997314453
-6.872936248779297
-2.0029189586639404
2.3053019046783447
0.38029026985168457
2.58817458152771
-22.26592254638672
3.989304542541504
-6.797853469848633
-4.928412437438965
17.157468795776367
-23.266128540039062
-1.2870135307312012
-13.242551803588867
-1.7835311889648438
3.6565093994140625
-4.906430244445801
-0.40154191851615906
-2.6633987426757812
-5.846740245819092
-23.33582305908203
3.057593822479248
-13.898776054382324
0.49296462535858154
-4.544264316558838
-3.8070178031921387
0.03420071303844452
-6.557980537414551
2.7368364334106445
-12.719559669494629
-5.625032424926758
-20.01138687133789
-9.997614860534668
-3.5019145011901855
-1.4329304695129395
14.296829223632812
-24.665834426879883
6.819825649261475
-5.778070449829102
-4.691441059112549
5.4734673500061035
-5.09162712097168
-4.887266159057617
0.21857349574565887
-8.763567924499512
-11.281243324279785
0.8720288872718811
-9.574300765991211
-22.582401275634766
-3.05281925201416
-7.9329609870910645
-22.60279655456543
-0.04440934211015701
-11.51708698272705
-16.398082733154297
-5.124803066253662
1.7841025590896606
-6.362719535827637
-3.5401268005371094
5.844486236572266
-6.927030563354492
-3.0918407440185547
-2.5661749839782715
2.2456774711608887
2.498833417892456
0.9483211040496826
1.3349039554595947
-1.1907320022583008
-10.601346015930176
-2.678103446960449
-1.0618172883987427
8.02468490600586
2.252437114715576
2.886235237121582
-2.3627655506134033
-6.736410140991211
-2.4665591716766357
9.246736526489258
-9.286178588867188
-3.0223677158355713
5.787548065185547
-7.321568965911865
-22.805435180664062
3.4566450119018555
-12.396641731262207
-2.163872480392456
-2.5858521461486816
7.640242576599121
-4.830541610717773
5.076762676239014
6.244431972503662
2.090078592300415
0.861091136932373
-13.028206825256348
-1.3959054946899414
-9.090987205505371
2.811521053314209
-1.35683012008667
-9.683815956115723
4.550481796264648
-9.792645454406738
-5.297176837921143
-3.895603656768799
-12.80417251586914
-7.12036657333374
-5.770803451538086
3.2271296977996826
-6.334547996520996
-16.602563858032227
0.707120418548584
-14.347760200500488
-23.54489517211914
0.6886476874351501
2.807004451751709
-1.5247358083724976
-6.8785552978515625
2.9230165481567383
-8.756567001342773
-9.41680908203125
-2.0853261947631836
-2.4250741004943848
-7.219970226287842
-8.452609062194824
1.1691651344299316
0.20234955847263336
-8.116462707519531
18.40315055847168
-24.456192016601562
-1.8044055700302124
1.0301783084869385
3.2850072383880615
-5.500488758087158
-0.3493552505970001
-1.800158977508545
2.321458101272583
-0.05110708251595497
2.6991939544677734
-18.168785095214844
6.965785503387451
6.604831695556641
-5.78753137588501
1.4510672092437744
-0.1879083514213562
-14.16520881652832
-8.213066101074219
-3.679413318634033
-3.8800137042999268
-1.4134163856506348
6.36094331741333
-6.651791095733643
0.604891836643219
4.253415584564209
3.327770233154297
2.7314398288726807
-12.65056324005127
-17.661880493164062
-1.786031723022461
6.04570198059082
-8.666958808898926
-5.1980133056640625
2.461533784866333
-0.85990309715271
-1.901877760887146
3.1677141189575195
-1.7346713542938232
-5.883456707000732
-20.875394821166992
-10.360197067260742
9.673686981201172
1.605876088142395
-13.303414344787598
1.3167883157730103
0.24984756112098694
1.9940063953399658
3.1335337162017822
4.639115810394287
2.0937998294830322
-2.769476890563965
-1.9497708082199097
-3.304152727127075
-9.423518180847168
-2.6468145847320557
1.926597237586975
-0.6257872581481934
0.7322818636894226
-21.285388946533203
-22.195453643798828
-14.459856033325195
-7.069404602050781
-9.954184532165527
-4.756321430206299
0.9543647170066833
-1.007425308227539
-1.728253722190857
1.9052910804748535
-7.512223720550537
2.4224071502685547
-2.3247621059417725
6.798913478851318
-3.209996461868286
-1.8848133087158203
-2.509727954864502
1.0748215913772583
-5.26870584487915
5.321260452270508
-9.249300956726074
-20.288253784179688
2.127704381942749
-13.239761352539062
4.563989162445068
-14.903918266296387
1.5886985063552856
-11.66330623626709
-10.168617248535156
5.214985370635986
-0.025530239567160606
6.219922065734863
-5.939581394195557
-4.525197982788086
-15.172293663024902
-8.796940803527832
-4.354260444641113
4.052340984344482
3.6222739219665527
-5.309691905975342
-9.757588386535645
-0.4128413796424866
2.5592269897460938
21.369136810302734
-22.92075538635254
-9.498132705688477
7.10617733001709
-5.10700798034668
-23.07847023010254
2.006350040435791
-1.6471996307373047
1.8285369873046875
-2.8605289459228516
1.739700198173523
7.329957962036133
-0.9888240098953247
-3.5331809520721436
-5.072445392608643
-1.6939479112625122
-4.445144176483154
4.986998558044434
4.0176897048950195
-11.833403587341309
5.358205318450928
-1.01544988155365
