10.0
1.0
1.0
256.0
68.9780044555664
68.04042053222656
-4.277162551879883
-120.46670532226562
-10.962782859802246
-11.194294929504395
-39.26302719116211
-0.672477662563324
-36.9019775390625
148.1951904296875
112.51925659179688
-56.991851806640625
97.16529846191406
-105.58284759521484
-37.16065216064453
6.213712215423584
4.624058246612549
15.329737663269043
-11.554064750671387
-20.141618728637695
-23.105342864990234
-16.073074340820312
-33.940059661865234
4.13706636428833
-38.227699279785156
-23.109188079833984
-107.457763671875
34.57529830932617
57.04993438720703
-48.251373291015625
115.91888427734375
-163.0524444580078
-109.08475494384766
-53.89720916748047
6.7484612464904785
19.049314498901367
-7.46182107925415
4.140778064727783
57.06289291381836
149.1148681640625
-99.52733612060547
20.565406799316406
-30.13330841064453
-37.632320404052734
-35.76374053955078
-11.203951835632324
18.122255325317383
-16.0869140625
-33.09549331665039
-28.128141403198242
-55.94812774658203
-32.14876174926758
49.9268798828125
-22.22903823852539
24.445159912109375
-45.57561492919922
-116.36441040039062
-159.08920288085938
-5.413974285125732
-24.538158416748047
102.89839935302734
-7.002042293548584
-1.0095312595367432
-43.606719970703125
121.70217895507812
13.621665954589844
-54.538414001464844
-12.842655181884766
36.76424789428711
40.12663650512695
-162.1707000732422
-21.388336181640625
1.4986629486083984
4.1227192878723145
40.84868240356445
-7.667793273925781
-7.917787551879883
-5.206829071044922
77.9789047241211
84.90158081054688
-17.729496002197266
-39.768272399902344
87.00157928466797
113.67536163330078
113.92862701416016
-13.626517295837402
-29.70323371887207
-31.666057586669922
-22.069746017456055
77.2973403930664
-129.7035369873047
-29.53970718383789
-90.8177261352539
69.81177520751953
-18.05963897705078
-37.05484390258789
-13.473919868469238
-0.27911701798439026
-27.9427433013916
-44.3252067565918
-73.13495635986328
55.80350112915039
48.82309341430664
-26.71208381652832
7.05045747756958
-27.319246292114258
-34.88991165161133
-21.144458770751953
41.546104431152344
-134.1035614013672
98.14476776123047
-146.1089630126953
-17.14320945739746
-106.22579193115234
56.09569549560547
28.66529083251953
105.4757080078125
32.619258880615234
5.0874834060668945
70.38534545898438
-8.851371765136719
-49.001617431640625
104.13688659667969
-46.5843391418457
-35.03089141845703
-0.33031466603279114
10.661977767944336
22.870655059814453
-34.87163543701172
65.48980712890625
-72.3842544555664
0.1712566763162613
109.20520782470703
56.646610260009766
103.9986572265625
-93.02816772460938
-25.183170318603516
125.94160461425781
65.35964965820312
30.264596939086914
-19.24086570739746
119.70851135253906
-44.42110824584961
148.95054626464844
102.16158294677734
-42.65806579589844
-36.24065399169922
-4.4699554443359375
-37.39867401123047
-81.58464050292969
-61.424217224121094
1.8858730792999268
-12.919315338134766
-131.3580780029297
100.18334197998047
-15.568138122558594
-16.74446678161621
-122.38929748535156
-74.44615936279297
-36.5609016418457
15.220866203308105
-119.41592407226562
-51.49696350097656
44.00978469848633
-52.7593879699707
-36.284019470214844
-98.89167022705078
37.42243957519531
88.85803985595703
-29.21453094482422
-33.29747772216797
54.50606918334961
-17.727458953857422
66.712158203125
79.95720672607422
89.75647735595703
14.812590599060059
-24.765554428100586
5.727898120880127
-36.80915069580078
33.99812316894531
-47.42555236816406
87.46589660644531
-119.62384796142578
-136.55050659179688
-50.70062255859375
-3.3494770526885986
-52.618167877197266
-5.268026351928711
-138.211181640625
91.5943374633789
-7.928372859954834
10.066068649291992
-155.88934326171875
77.8160171508789
-33.77656555175781
-132.23208618164062
132.0543975830078
40.965816497802734
35.24384307861328
-7.495138645172119
2.2822024822235107
97.70147705078125
57.22479248046875
98.73008728027344
-152.69833374023438
25.93476104736328
30.453813552856445
-46.44090270996094
29.428773880004883
-18.583986282348633
-42.73704528808594
-71.07746124267578
62.11870193481445
-67.75553894042969
55.534881591796875
-131.4317626953125
-52.282962799072266
-114.42244720458984
99.5177230834961
53.65229034423828
10.215012550354004
90.46871185302734
24.53960609436035
-30.694961547851562
101.4424057006836
-15.588871002197266
7.687967300415039
-48.772377014160156
-27.244800567626953
-16.356155395507812
-118.63399505615234
3.743638277053833
1.5658587217330933
7.569821834564209
-7.172821044921875
-45.40757751464844
-134.23167419433594
-119.2569808959961
-5.621942043304443
-19.905412673950195
19.80864906311035
61.42912292480469
-53.86518478393555
-51.064453125
14.998737335205078
-49.851531982421875
88.90648651123047
-20.55838966369629
94.2134017944336
-5.058093547821045
38.910892486572266
94.9740219116211
52.84327697753906
-8.365059852600098
93.08378601074219
