0                                                                                                                                                     
0                                                                                                                                                     
0                                                                                                                                                     
0                                                                                                                                                     
0                                                                                                                                                     
34                                                                                                                                                    
2                                                                                                                                                     
39                                                                                                                                                    
0                                                                                                                                                     
0                                                                                                                                                     
0                                                                                                                                                     
0                                                                                                                                                     
51                                                                                                                                                    
87                                                                                                                                                    
158                                                                                                                                                   
34                                                                                                                                                    
0                                                                                                                                                     
0                                                                                                                                                     
0                                                                                                                                                     
0                                                                                                                                                     
0                                                                                                                                                     
71                                                                                                                                                    
40                                   
119                                  
0                                    
0                                    
0                                    
0                                    
51                                   
161                                  
224                                  
155                                  
0                                    
0                                    
0                                    
0                                    
0                                    
109                                  
96                                   
7                                    
0                                    
0                                    
0                                    
0                                    
51                                   
238                                  
69                                   
202                                  
0                                    
0                                    
0                                    
0                                    
0                                    
151                                  
97                                   
173                                  
0                                    
0                                    
0                                    
0                                    
52                                   
67                                   
200                                  
221
0                                    
0                                    
0                                    
0                                    
0                                    
251                                  
230                                  
28                                   
0                                    
0                                    
0                                    
0                                    
52                                   
220                                  
14                                   
25                                   
0                                    
0                                    
0                                    
0                                    
1                                    
72                                   
75                                   
156                                  
0                                    
0                                    
0                                    
0                                    
53                                   
62                                   
176                                  
172
0                                                                                                                                                     
0                                                                                                                                                     
0                                                                                                                                                     
0                                                                                                                                                     
1                                    
220                                  
198                                  
26                                   
0                                    
0                                    
0                                    
0                                    
53                                   
136                                  
243                                  
84                                   
0                                    
0                                    
0                                    
0                                    
2                                    
62                                   
240                                  
15
0                                    
0                                    
0                                    
0                                    
54                                   
28                                   
99                                   
242                                  
0                                    
0                                    
0                                    
0                                    
2                                    
136                                  
168                                  
147                                  
0                                    
0                                    
0                                    
0                                    
54                                   
52                                   
35                                   
192
